
^^^^^^^^^^^^^^^^^^^^^^^^^^^^^^^^^^^^^^^^^^^^
Cluster - 1 : 8 10 23 28 29 30 33 34 40 48 
Cluster - 2 : 1 2 4 11 14 19 25 26 27 32 35 37 38 42 44 46 47 
Cluster - 3 : 0 3 6 12 15 16 17 18 21 22 24 31 36 39 49 
Cluster - 4 : 5 7 9 13 20 41 43 45 

^^^^^^^^^^^^^^^^^^^^^^^^^^^^^^^^^^^^^^^^^^^^

=======================================================

Residual energy of node 8 = 98.354141
 
Distance from node 8 to its neighbour  8  10  23  28  29  30  33  34  40  48 
 0.000000  178.675684  305.550323  184.317661  26.019224  178.630904  144.308697  222.407284  266.672083  204.313485 
Residual energy of node 10 = 98.363413
 
Distance from node 10 to its neighbour  8  10  23  28  29  30  33  34  40  48 
 178.675684  0.000000  290.657874  81.215762  153.941547  281.801348  119.549153  129.691943  275.356133  261.604664 
Residual energy of node 23 = 98.721018
 
Distance from node 23 to its neighbour  8  10  23  28  29  30  33  34  40  48 
 305.550323  290.657874  0.000000  209.690248  290.000000  192.442199  187.387299  167.505224  47.127487  127.471565 
Residual energy of node 28 = 98.388503
 
Distance from node 28 to its neighbour  8  10  23  28  29  30  33  34  40  48 
 184.317661  81.215762  209.690248  0.000000  158.675770  229.259678  60.464866  51.613952  197.000000  195.358645 
Residual energy of node 29 = 98.289051
 
Distance from node 29 to its neighbour  8  10  23  28  29  30  33  34  40  48 
 26.019224  153.941547  290.000000  158.675770  0.000000  179.337670  121.235308  197.974746  253.308113  196.562967 
Residual energy of node 30 = 98.515306
 
Distance from node 30 to its neighbour  8  10  23  28  29  30  33  34  40  48 
 178.630904  281.801348  192.442199  229.259678  179.337670  0.000000  169.729196  228.473193  145.330657  65.764732 
Residual energy of node 33 = 98.381150
 
Distance from node 33 to its neighbour  8  10  23  28  29  30  33  34  40  48 
 144.308697  119.549153  187.387299  60.464866  121.235308  169.729196  0.000000  80.399005  162.496154  142.242750 
Residual energy of node 34 = 98.380409
 
Distance from node 34 to its neighbour  8  10  23  28  29  30  33  34  40  48 
 222.407284  129.691943  167.505224  51.613952  197.974746  228.473193  80.399005  0.000000  163.624570  181.837840 
Residual energy of node 40 = 98.675628
 
Distance from node 40 to its neighbour  8  10  23  28  29  30  33  34  40  48 
 266.672083  275.356133  47.127487  197.000000  253.308113  145.330657  162.496154  163.624570  0.000000  80.411442 
Residual energy of node 48 = 98.384620
 
Distance from node 48 to its neighbour  8  10  23  28  29  30  33  34  40  48 
 204.313485  261.604664  127.471565  195.358645  196.562967  65.764732  142.242750  181.837840  80.411442  0.000000 

Controller Unit (CU) is node : 33 
=======================================================

=======================================================

Residual energy of node 1 = 98.307139
 
Distance from node 1 to its neighbour  1  2  4  11  14  19  25  26  27  32  35  37  38  42  44  46  47 
 0.000000  54.589376  131.472431  166.243797  24.698178  324.234483  212.433519  159.931235  191.376592  273.658546  32.249031  165.951800  82.462113  371.615393  47.265209  101.138519  52.201533 
Residual energy of node 2 = 98.337835
 
Distance from node 2 to its neighbour  1  2  4  11  14  19  25  26  27  32  35  37  38  42  44  46  47 
 54.589376  0.000000  96.005208  214.674172  47.434165  361.889486  236.414890  164.201096  239.409691  316.829607  32.062439  218.961184  30.528675  409.235873  97.293371  51.894123  80.603970 
Residual energy of node 4 = 98.411174
 
Distance from node 4 to its neighbour  1  2  4  11  14  19  25  26  27  32  35  37  38  42  44  46  47 
 131.472431  96.005208  0.000000  242.886805  137.873130  351.022791  207.963939  114.756263  264.007576  322.024844  99.624294  263.600076  71.589105  396.152748  151.343979  53.310412  113.137085 
Residual energy of node 11 = 98.523281
 
Distance from node 11 to its neighbour  1  2  4  11  14  19  25  26  27  32  35  37  38  42  44  46  47 
 166.243797  214.674172  242.886805  0.000000  188.289670  174.289988  133.240384  172.200465  25.179357  113.145923  182.989071  45.177428  233.985042  219.401459  119.067208  244.524027  138.974818 
Residual energy of node 14 = 98.322219
 
Distance from node 14 to its neighbour  1  2  4  11  14  19  25  26  27  32  35  37  38  42  44  46  47 
 24.698178  47.434165  137.873130  188.289670  0.000000  348.554156  236.782601  180.709712  213.468967  297.107725  41.303753  184.439692  77.935871  395.904029  70.342022  98.979796  75.690158 
Residual energy of node 19 = 98.715294
 
Distance from node 19 to its neighbour  1  2  4  11  14  19  25  26  27  32  35  37  38  42  44  46  47 
 324.234483  361.889486  351.022791  174.289988  348.554156  0.000000  145.986301  240.752985  153.482898  67.742158  330.490544  208.124962  371.903213  47.434165  278.915758  374.711889  281.455147 
Residual energy of node 25 = 98.585706
 
Distance from node 25 to its neighbour  1  2  4  11  14  19  25  26  27  32  35  37  38  42  44  46  47 
 212.433519  236.414890  207.963939  133.240384  236.782601  145.986301  0.000000  95.131488  134.123078  136.400147  208.019230  178.044938  239.549577  189.214164  176.323566  238.212090  161.644672 
Residual energy of node 26 = 98.418620
 
Distance from node 26 to its neighbour  1  2  4  11  14  19  25  26  27  32  35  37  38  42  44  46  47 
 159.931235  164.201096  114.756263  172.200465  180.709712  240.752985  95.131488  0.000000  186.034943  221.776915  142.835570  208.062491  158.600126  284.344861  142.898565  152.200526  109.767937 
Residual energy of node 27 = 98.503442
 
Distance from node 27 to its neighbour  1  2  4  11  14  19  25  26  27  32  35  37  38  42  44  46  47 
 191.376592  239.409691  264.007576  25.179357  213.468967  153.482898  134.123078  186.034943  0.000000  89.888820  207.617437  56.080300  258.118190  197.425935  144.170038  268.033580  162.788206 
Residual energy of node 32 = 98.640359
 
Distance from node 32 to its neighbour  1  2  4  11  14  19  25  26  27  32  35  37  38  42  44  46  47 
 273.658546  316.829607  322.024844  113.145923  297.107725  67.742158  136.400147  221.776915  89.888820  0.000000  284.803441  142.270868  331.096663  108.300508  226.770809  337.250649  236.685445 
Residual energy of node 35 = 98.385101
 
Distance from node 35 to its neighbour  1  2  4  11  14  19  25  26  27  32  35  37  38  42  44  46  47 
 32.249031  32.062439  99.624294  182.989071  41.303753  330.490544  208.019230  142.835570  207.617437  284.803441  0.000000  189.156020  53.665631  377.880934  67.067131  70.292247  49.040799 
Residual energy of node 37 = 98.589251
 
Distance from node 37 to its neighbour  1  2  4  11  14  19  25  26  27  32  35  37  38  42  44  46  47 
 165.951800  218.961184  263.600076  45.177428  184.439692  208.124962  178.044938  208.062491  56.080300  142.270868  189.156020  0.000000  242.528349  250.571347  122.090131  256.329866  152.463110 
Residual energy of node 38 = 98.343964
 
Distance from node 38 to its neighbour  1  2  4  11  14  19  25  26  27  32  35  37  38  42  44  46  47 
 82.462113  30.528675  71.589105  233.985042  77.935871  371.903213  239.549577  158.600126  258.118190  331.096663  53.665631  242.528349  0.000000  418.905717  120.540450  21.840330  95.524866 
Residual energy of node 42 = 98.755428
 
Distance from node 42 to its neighbour  1  2  4  11  14  19  25  26  27  32  35  37  38  42  44  46  47 
 371.615393  409.235873  396.152748  219.401459  395.904029  47.434165  189.214164  284.344861  197.425935  108.300508  377.880934  250.571347  418.905717  0.000000  326.165602  421.294434  328.841907 
Residual energy of node 44 = 98.406190
 
Distance from node 44 to its neighbour  1  2  4  11  14  19  25  26  27  32  35  37  38  42  44  46  47 
 47.265209  97.293371  151.343979  119.067208  70.342022  278.915758  176.323566  142.898565  144.170038  226.770809  67.067131  122.090131  120.540450  326.165602  0.000000  135.325533  40.311289 
Residual energy of node 46 = 98.349756
 
Distance from node 46 to its neighbour  1  2  4  11  14  19  25  26  27  32  35  37  38  42  44  46  47 
 101.138519  51.894123  53.310412  244.524027  98.979796  374.711889  238.212090  152.200526  268.033580  337.250649  70.292247  256.329866  21.840330  421.294434  135.325533  0.000000  105.650367 
Residual energy of node 47 = 98.404971
 
Distance from node 47 to its neighbour  1  2  4  11  14  19  25  26  27  32  35  37  38  42  44  46  47 
 52.201533  80.603970  113.137085  138.974818  75.690158  281.455147  161.644672  109.767937  162.788206  236.685445  49.040799  152.463110  95.524866  328.841907  40.311289  105.650367  0.000000 

Controller Unit (CU) is node : 25 
=======================================================

=======================================================

Residual energy of node 0 = 98.447701
 
Distance from node 0 to its neighbour  0  3  6  12  15  16  17  18  21  22  24  31  36  39  49 
 0.000000  99.639350  280.944834  39.560081  125.095963  99.020200  61.400326  193.227845  63.411355  101.414989  160.514797  80.498447  184.718705  217.006912  215.594527 
Residual energy of node 3 = 98.453646
 
Distance from node 3 to its neighbour  0  3  6  12  15  16  17  18  21  22  24  31  36  39  49 
 99.639350  0.000000  222.319590  133.869339  221.822001  197.284059  115.732450  288.591407  161.966046  45.177428  227.984649  26.683328  226.108381  185.396872  314.014331 
Residual energy of node 6 = 98.296441
 
Distance from node 6 to its neighbour  0  3  6  12  15  16  17  18  21  22  24  31  36  39  49 
 280.944834  222.319590  0.000000  290.043100  354.391027  342.965013  326.465925  463.729447  318.454078  188.215302  286.225436  218.197159  234.087590  85.475143  474.751514 
Residual energy of node 12 = 98.718615
 
Distance from node 12 to its neighbour  0  3  6  12  15  16  17  18  21  22  24  31  36  39  49 
 39.560081  133.869339  290.043100  0.000000  87.965902  64.031242  90.801982  174.269906  30.463092  125.299641  125.419297  111.198022  158.404545  217.993119  190.378570 
Residual energy of node 15 = 98.893116
 
Distance from node 15 to its neighbour  0  3  6  12  15  16  17  18  21  22  24  31  36  39  49 
 125.095963  221.822001  354.391027  87.965902  0.000000  27.892651  157.089147  124.787820  62.177166  209.804671  104.957134  198.698264  163.981706  273.760845  123.101584 
Residual energy of node 16 = 98.921889
 
Distance from node 16 to its neighbour  0  3  6  12  15  16  17  18  21  22  24  31  36  39  49 
 99.020200  197.284059  342.965013  64.031242  27.892651  0.000000  129.247824  124.458829  35.608988  188.679623  115.974135  175.171345  169.446157  265.030187  131.848398 
Residual energy of node 17 = 98.746410
 
Distance from node 17 to its neighbour  0  3  6  12  15  16  17  18  21  22  24  31  36  39  49 
 61.400326  115.732450  326.465925  90.801982  157.089147  129.247824  0.000000  182.408881  99.020200  138.654246  216.205920  109.772492  245.464865  270.573465  214.282524 
Residual energy of node 18 = 99.088726
 
Distance from node 18 to its neighbour  0  3  6  12  15  16  17  18  21  22  24  31  36  39  49 
 193.227845  288.591407  463.729447  174.269906  124.787820  124.458829  182.408881  0.000000  145.279042  294.363721  228.989083  273.058602  288.766342  388.289840  41.593269 
Residual energy of node 21 = 98.818846
 
Distance from node 21 to its neighbour  0  3  6  12  15  16  17  18  21  22  24  31  36  39  49 
 63.411355  161.966046  318.454078  30.463092  62.177166  35.608988  99.020200  145.279042  0.000000  155.653461  124.907966  140.417235  168.439900  244.182309  160.012500 
Residual energy of node 22 = 98.423369
 
Distance from node 22 to its neighbour  0  3  6  12  15  16  17  18  21  22  24  31  36  39  49 
 101.414989  45.177428  188.215302  125.299641  209.804671  188.679623  138.654246  294.363721  155.653461  0.000000  196.697738  30.413813  186.526138  142.270868  314.617228 
Residual energy of node 24 = 98.567111
 
Distance from node 24 to its neighbour  0  3  6  12  15  16  17  18  21  22  24  31  36  39  49 
 160.514797  227.984649  286.225436  125.419297  104.957134  115.974135  216.205920  228.989083  124.907966  196.697738  0.000000  201.308221  63.198101  200.870605  221.020361 
Residual energy of node 31 = 98.388820
 
Distance from node 31 to its neighbour  0  3  6  12  15  16  17  18  21  22  24  31  36  39  49 
 80.498447  26.683328  218.197159  111.198022  198.698264  175.171345  109.772492  273.058602  140.417235  30.413813  201.308221  0.000000  200.422055  171.825493  296.082759 
Residual energy of node 36 = 98.589627
 
Distance from node 36 to its neighbour  0  3  6  12  15  16  17  18  21  22  24  31  36  39  49 
 184.718705  226.108381  234.087590  158.404545  163.981706  169.446157  245.464865  288.766342  168.439900  186.526138  63.198101  200.422055  0.000000  149.201206  283.323137 
Residual energy of node 39 = 98.290187
 
Distance from node 39 to its neighbour  0  3  6  12  15  16  17  18  21  22  24  31  36  39  49 
 217.006912  185.396872  85.475143  217.993119  273.760845  265.030187  270.573465  388.289840  244.182309  142.270868  200.870605  171.825493  149.201206  0.000000  395.854771 
Residual energy of node 49 = 99.153478
 
Distance from node 49 to its neighbour  0  3  6  12  15  16  17  18  21  22  24  31  36  39  49 
 215.594527  314.014331  474.751514  190.378570  123.101584  131.848398  214.282524  41.593269  160.012500  314.617228  221.020361  296.082759  283.323137  395.854771  0.000000 

Controller Unit (CU) is node : 0 
=======================================================

=======================================================

Residual energy of node 5 = 98.758128
 
Distance from node 5 to its neighbour  5  7  9  13  20  41  43  45 
 0.000000  146.741269  143.282937  237.227739  113.004425  128.265350  70.178344  280.713377 
Residual energy of node 7 = 98.489164
 
Distance from node 7 to its neighbour  5  7  9  13  20  41  43  45 
 146.741269  0.000000  71.700767  103.585713  253.938969  261.772802  171.026314  168.324092 
Residual energy of node 9 = 98.471006
 
Distance from node 9 to its neighbour  5  7  9  13  20  41  43  45 
 143.282937  71.700767  0.000000  102.883429  256.124969  271.016605  193.352011  137.440896 
Residual energy of node 13 = 98.357372
 
Distance from node 13 to its neighbour  5  7  9  13  20  41  43  45 
 237.227739  103.585713  102.883429  0.000000  349.297867  360.312364  272.734303  74.813100 
Residual energy of node 20 = 98.890660
 
Distance from node 20 to its neighbour  5  7  9  13  20  41  43  45 
 113.004425  253.938969  256.124969  349.297867  0.000000  28.178006  96.046864  393.459019 
Residual energy of node 41 = 98.882399
 
Distance from node 41 to its neighbour  5  7  9  13  20  41  43  45 
 128.265350  261.772802  271.016605  360.312364  28.178006  0.000000  94.704805  408.377277 
Residual energy of node 43 = 98.689590
 
Distance from node 43 to its neighbour  5  7  9  13  20  41  43  45 
 70.178344  171.026314  193.352011  272.734303  96.046864  94.704805  0.000000  327.665988 
Residual energy of node 45 = 98.287373
 
Distance from node 45 to its neighbour  5  7  9  13  20  41  43  45 
 280.713377  168.324092  137.440896  74.813100  393.459019  408.377277  327.665988  0.000000 

Controller Unit (CU) is node : 7 
=======================================================

